image: ./floor_plan_unity.png
resolution: 0.0375
origin: [0.000000, 0.000000, 0.000000]
negate: 0
occupied_thresh: 0.65
free_thresh: 0.1
